
Unroll: 1
                         -O0            -O1            -O2            -O3
cycles:           1365139200     1365313529     1363273266     1364751229
isntr:            1067200076     1067021816     1067023709     1067213612
misses:              6700631        6731880        6736496        6660159
% misses:              6.16%          6.18%          6.19%          6.12%
seconds:         1.727513724    1.790404449    1.738722788    1.728125905

Unroll: 2
                         -O0            -O1            -O2            -O3
cycles:           1372120699     1371818025     1369830905     1365360813
isntr:            1056569566     1056562473     1056589934     1056745089
misses:              6647185        6680208        6672875        6698302
% misses:              6.76%          6.79%          6.78%          6.81%
seconds:         1.742949988    1.799291762    1.788716963    1.727564451

Unroll: 4
                         -O0            -O1            -O2            -O3
cycles:           1371821915     1369676084     1366636787     1371824906
isntr:            1051322229     1051323801     1051489893     1051325384
misses:              6649642        6667560        6664062        6693858
% misses:              7.14%          7.16%          7.16%          7.19%
seconds:         1.738727681    1.786189589    1.728625743    1.792596874

Unroll: 8
                         -O0            -O1            -O2            -O3
cycles:           1364889282     1369611399     1365437869     1371734255
isntr:            1048862320     1048698946     1048805854     1048704540
misses:              6651999        6688908        6692337        6660200
% misses:              7.35%          7.39%          7.39%          7.36%
seconds:         1.797992292    1.787739313    1.729991613    1.787170828
Each sample counts as 0.01 seconds.
  %   cumulative   self              self     total           
 time   seconds   seconds    calls  Ts/call  Ts/call  name    
 96.55      0.28     0.28                             AllocateMatrix(unsigned int, unsigned int, int)
  3.45      0.29     0.01                             PrintMat(int**, unsigned int, unsigned int)

