
Unroll: 1
                         -O0            -O1            -O2            -O3
cycles:           1366787473     1365599849     1362842922     1365731095
isntr:            1067192219     1067157043     1067204335     1067225578
misses:              6725302        6681976        6688679        6648843
% misses:              6.18%          6.14%          6.14%          6.11%
seconds:         1.728198326    1.780775390    1.778460204    1.732170268

Unroll: 2
                         -O0            -O1            -O2            -O3
cycles:           1366320228     1371918948     1370065467     1371709088
isntr:            1056741896     1056557487     1056573985     1056551133
misses:              6694644        6671431        6681124        6679498
% misses:              6.81%          6.78%          6.79%          6.79%
seconds:         1.730170338    1.789514424    1.787186998    1.737025222

Unroll: 4
                         -O0            -O1            -O2            -O3
cycles:           1366335025     1365888382     1365880212     1366257303
isntr:            1051478740     1051478792     1051475136     1051481455
misses:              6664620        6672278        6670172        6708010
% misses:              7.16%          7.17%          7.16%          7.20%
seconds:         1.728712330    1.727268072    1.777674585    1.730046953

Unroll: 8
                         -O0            -O1            -O2            -O3
cycles:           1365195505     1366386957     1370122439     1368487389
isntr:            1048768010     1048871078     1048718183     1048845474
misses:              6658857        6692520        6666156        6650096
% misses:              7.36%          7.40%          7.36%          7.35%
seconds:         1.730290701    1.754891306    1.800935515    1.745135042
Each sample counts as 0.01 seconds.
  %   cumulative   self              self     total           
 time   seconds   seconds    calls  Ts/call  Ts/call  name    
 93.33      0.28     0.28                             AllocateMatrix(unsigned int, unsigned int, int)
  6.67      0.30     0.02                             PrintMat(int**, unsigned int, unsigned int)

