                         -O0            -O1            -O2            -O3
cycles:           1372120699     1371818025     1369830905     1365360813
isntr:            1056569566     1056562473     1056589934     1056745089
misses:              6647185        6680208        6672875        6698302
% misses:              6.76%          6.79%          6.78%          6.81%
seconds:         1.742949988    1.799291762    1.788716963    1.727564451
