                         -O0            -O1            -O2            -O3
cycles:           1364889282     1369611399     1365437869     1371734255
isntr:            1048862320     1048698946     1048805854     1048704540
misses:              6651999        6688908        6692337        6660200
% misses:              7.35%          7.39%          7.39%          7.36%
seconds:         1.797992292    1.787739313    1.729991613    1.787170828
