                         -O0            -O1            -O2            -O3
cycles:           1365139200     1365313529     1363273266     1364751229
isntr:            1067200076     1067021816     1067023709     1067213612
misses:              6700631        6731880        6736496        6660159
% misses:              6.16%          6.18%          6.19%          6.12%
seconds:         1.727513724    1.790404449    1.738722788    1.728125905
