                         -O0            -O1            -O2            -O3
cycles:           1371821915     1369676084     1366636787     1371824906
isntr:            1051322229     1051323801     1051489893     1051325384
misses:              6649642        6667560        6664062        6693858
% misses:              7.14%          7.16%          7.16%          7.19%
seconds:         1.738727681    1.786189589    1.728625743    1.792596874
